<<<<<<< HEAD
762
=======
197850
140788
20955
65974
66947110
158207619
102172428
197282298
140208418
71749142
52483450
164919783
97949001
151301582
36750288
94439642
153199755
65173215
78919401
74632545
82515408
118720997
123097039
96554928
55585605
99921476
87234779
138072314
85594358
90376229
35138779
2836773
93417894
92199904
133346875
64870196
152927864
112118528
196075386
188655846
15600139
25450290
24808151
150246032
140775240
107959925
174211325
33409102
164142103
139850300
43516409
155511259
84095692
89187889
177593821
91146229
54468275
83653608
17797282
12227413
14934473
5701327
110628737
70046708
155197271
16824082
37883485
25750068
81365764
181054739
140450023
27710437
195760567
25702449
41195508
146243185
100939246
114219043
139668425
151025409
40519895
135750205
112186885
5596252
96444574
121756746
58493540
140705709
46953479
173903410
>>>>>>> KC-branch
